n_bar = 0
x_s = 1.7354672872718506
alpha = 0.1970723433314239
beta = 0.06819478639129534
final_time = 4.8338281783010695
negativity = 0.19802825586736153