n_bar = 0
x_s = 2.105502848020133
alpha = 1
beta = 0.7330018663054905
final_time = 5.052928761078977
negativity = 0.55355403208331