n_bar = 0
x_s = 0.001614720822578913
alpha = 0.7671083245176888
beta = 0.00264111919666895
final_time = 2.8798711192622535
negativity = 0.22862379345540476