Parameters with the greatest negativity volume: 
Negativity volume: 1.2135262429225042
n_bar = 0
x_s = 3.852535301495177
alpha = 1.0001
beta = 1.0001
final_time = 8.197932540779645
